1 0.332735 0.340819 0.492064 0.393659
1 0.878547 0.346764 0.195528 0.199472
1 0.730279 0.404888 0.165875 0.194188
0 0.499073 0.500000 0.796940 0.318362
1 0.783099 0.680978 0.429050 0.276090
1 0.854453 0.529723 0.264102 0.298547
1 0.703868 0.866579 0.103788 0.134742
1 0.308642 0.741083 0.325263 0.301189
1 0.570427 0.268824 0.172361 0.099075
1 0.756225 0.978203 0.073207 0.043593
1 0.946194 0.908851 0.069501 0.052840
1 0.052416 0.726552 0.103788 0.087186
1 0.506950 0.862616 0.088034 0.052840
1 0.355439 0.783355 0.296536 0.192867
1 0.184467 0.678996 0.099154 0.036988
1 0.059568 0.797886 0.119136 0.105680
1 0.629734 0.777411 0.075987 0.043593
1 0.762712 0.649934 0.097301 0.071334
1 0.965191 0.761559 0.055600 0.048877
1 0.889203 0.826288 0.048187 0.033025
1 0.751129 0.808454 0.096374 0.052840
1 0.976109 0.178996 0.047782 0.059445