1 0.465863 0.178336 0.056400 0.039630
1 0.731538 0.226552 0.049474 0.070013
1 0.946749 0.188904 0.040569 0.068692
1 0.882433 0.348745 0.054421 0.034346
1 0.891833 0.404888 0.047495 0.040951
1 0.813664 0.436592 0.055411 0.048877
1 0.573221 0.433950 0.045516 0.043593
1 0.345147 0.149934 0.064316 0.046235
1 0.254115 0.056143 0.056400 0.056803
1 0.148241 0.071995 0.048484 0.064729
1 0.124493 0.343461 0.064316 0.047556
1 0.057209 0.458388 0.064316 0.050198
1 0.204641 0.712682 0.052442 0.038309
1 0.060177 0.811096 0.056400 0.047556
1 0.347620 0.838177 0.063327 0.035667
1 0.413915 0.476882 0.037600 0.034346
1 0.472295 0.586526 0.049474 0.031704
1 0.440137 0.688904 0.070253 0.051519
1 0.550958 0.897622 0.044527 0.030383
1 0.569758 0.587186 0.074211 0.040951
1 0.715211 0.550198 0.062337 0.040951
1 0.835433 0.525099 0.069263 0.038309
1 0.840875 0.720608 0.032653 0.035667
1 0.815643 0.968956 0.063327 0.054161
1 0.646443 0.974901 0.059369 0.031704