0 0.495037 0.411493 0.299752 0.270806
1 0.467246 0.108322 0.033747 0.034346
1 0.438461 0.038309 0.047643 0.031704
1 0.414640 0.079260 0.035732 0.034346
1 0.376923 0.103699 0.047643 0.030383
1 0.369975 0.169749 0.045658 0.027741
1 0.855336 0.031704 0.047643 0.044914
1 0.917867 0.056803 0.041687 0.034346
1 0.957569 0.086526 0.041687 0.033025
1 0.900993 0.128798 0.047643 0.046235
1 0.842432 0.116248 0.033747 0.023778
1 0.827544 0.165125 0.043673 0.034346
1 0.900993 0.199472 0.027792 0.023778
1 0.827544 0.261559 0.031762 0.023778
1 0.709430 0.200132 0.041687 0.027741
1 0.821589 0.194188 0.031762 0.026420
1 0.542680 0.235139 0.033747 0.015852
1 0.393796 0.248349 0.049628 0.021136
1 0.650869 0.298547 0.027792 0.026420
1 0.891068 0.304491 0.047643 0.019815
1 0.829529 0.350066 0.043673 0.021136
1 0.757072 0.372523 0.045658 0.023778
1 0.649876 0.344782 0.049628 0.026420
1 0.349131 0.305152 0.039702 0.026420
1 0.324317 0.297886 0.037717 0.017173
1 0.291563 0.322985 0.035732 0.025099
1 0.285608 0.360634 0.035732 0.021136
1 0.259801 0.381770 0.031762 0.021136
1 0.715385 0.397622 0.041687 0.026420
1 0.658809 0.439894 0.031762 0.021136
1 0.740199 0.466314 0.023821 0.023778
1 0.810671 0.409511 0.037717 0.023778
1 0.824566 0.443857 0.041687 0.018494
1 0.794790 0.492074 0.037717 0.019815
1 0.871217 0.552180 0.031762 0.021136
1 0.756080 0.533686 0.039702 0.018494
1 0.704467 0.544914 0.023821 0.017173
1 0.597271 0.513210 0.023821 0.017173
1 0.566501 0.504624 0.025806 0.013210
1 0.317369 0.427345 0.031762 0.019815
1 0.261786 0.429326 0.039702 0.023778
1 0.283622 0.441215 0.035732 0.018494
1 0.320347 0.478864 0.033747 0.017173
1 0.324317 0.514531 0.037717 0.022457
1 0.366997 0.534346 0.027792 0.019815
1 0.388834 0.556143 0.019851 0.013210
1 0.454342 0.584544 0.027792 0.019815
1 0.450372 0.552180 0.035732 0.018494
1 0.486104 0.647292 0.023821 0.013210
1 0.604219 0.603699 0.025806 0.018494
1 0.653846 0.605020 0.029777 0.015852
1 0.812656 0.601057 0.041687 0.021136
1 0.739206 0.593791 0.025806 0.027741
1 0.553598 0.645971 0.019851 0.015852
1 0.662779 0.696830 0.019851 0.014531
1 0.383948 0.593944 0.013743 0.013210
1 0.361042 0.594960 0.018324 0.015242
1 0.567571 0.701656 0.014507 0.012194
1 0.620253 0.711056 0.014507 0.010670
1 0.559936 0.673204 0.023669 0.017275
1 0.565280 0.555838 0.023669 0.012194
1 0.857321 0.772025 0.016797 0.007621
1 0.588567 0.748908 0.013743 0.009145
1 0.389674 0.633066 0.031304 0.032517